17810,1673,18843,16944,5297,18051,8521,19058,4267,15853,10885,12313,7305,9672,NA,7398,NA,4973,10573,9168,NA,3238,13933,17853,4169,16903,9602,14485,9088,868,5277,3354,15907,14833,7663,14042,3269,9479,13440,8503,14625,2690,19060,17671,14279,15513,16068,19430,11730,NA,16405,17891,2633,8283,19742,15387,7909,7341,16552,17488,14154,17844,1763,2952,6417
14565,8323,5625,5047,4157,6258,11803,13135,3062,9956,8992,4902,4218,12624,17572,14651,1714,NA,26,2435,12357,4420,8477,12176,2746,15283,6365,11709,5690,16449,14345,7325,1004,11881,16267,19536
6330,9569,18961,18159,9172,14411,4366,18696,8675,9148,4927,11352,18440,12337,858,18207,12509,15822,3052,NA,13075,17809,9609,3951,18420,17787,11308,10809,15379,19957,1111,13239,5397,7602,10169,3414,NA,17562,10034,3433,7405,41,7887,14759,5711,NA,6956,2755,5017,12608,5592,12187,12543,11263,4501,18401,15692,5627,12162,10094
10767,5316,2292,15522,11737,13363,4869,6043,12916,6226,11501,NA,19075,15020,7812,6032,NA,11754,9365,14644,7197,15449,11842,9145,809,7511,16568,19212,7793,9262,17954,14708,3558,12527,NA,9797,NA,7560,11666,9199,9203,3153,4576,10246,12647,11907,8134,15543
10144,7347,2149,14522,19276,11473,4115,3095,12733,7454,13982,16032,852,13932,16305,18741,1310,7709,2290,14750,15781,17543,4179,13323,3734,18407,479,4406,1409,15480,14657,10551,4191,5689,11810,2349,18575,1922,13766,1112,NA,15960,11328,3676,11670,8205,9802,8091,7293,NA,18480,3207,9746,9246,564,16923,13071,16015,8452,4057,6921,13761,16492,5100,14325,1112,15051,433,8062
6977,5767,18755,6683,3621,8110,2262,17277,19147,1917,2957,3160,7502,6705,9733,15570,11688,11439,3095,NA,9050,18806,13223,9010,4361,9642,14613,2983,1044,10528,3855,6314,19600,NA,7304,NA,10338,11406,8506,12438,2678,NA,6423,18873,3248,13657,NA,18349,11515,18214,6125,13344,10476,14625,7655,NA,12945,17956,NA,1412,15561,499,NA,11700,NA,4099,18675,16896,3575,1649,5992,17699,6275,7872,15796,19159,19685,13130,203
5388,6477,13436,14424,19388,660,11737,14643,19548,4638,17190,11246,8688,9134,2868,17181,5293,NA,977,2542,14023,12854,5860,7675,17039,NA,55,8532,12502,2794,3338,18335,18019,7362,NA,19796,9633,19680,10058,7433,NA,2098,NA,19312,4163,15852,9376,12508,12252,6113,13655,19196,1642,14048,14182,16781
19821,11203,8349,2461,12593,981,17077,13074,13210,16875,1018,18583,9303,1061,2080,2890,6770,15349,1577,10568,13848,15781,8050,6877,2236,18605,6332,811,19958,1137,8618,15225,9870,18664,1480,14650,NA,9256,19879,7574,472,7901,19311,19688,12229,8245,9186,12648,12842,11143,NA,1922,14830,10812,14034,6999,NA,17149,11105,18644,NA,6674,19980,19821,13143,NA,4217,4843,12258,681,11283,11689,8776,10728,19646,19281,6440,19062
14936,19861,1734,2799,10858,3213,18095,6563,4602,4973,11410,13579,3442,3982,15555,8055,11138,19489,9611,10550,19337,10768,1782,19218,17696,18145,13223,19627
13234,11822,4556,2380,9427,7443,16931,12834,9325,13897,15172,6131,12163,19127,15627,13933,16027,5045,2572,5488,9540,NA,14138,2504,8953,4576,9353,7734,10368,16045,NA,15368,16456,544,14783,NA,15033,13139,NA,17867,14556,5398,10097,12682,2049
14682,12895,12464,12060,11266,9163,1851,4230,597,5919,12626,19861,13763,2180,9930,18,NA,4531,NA,19846,8022,8268,12641,14404,9235,3383,12736,8476,5330,6880,10621,2468,7594,4219,NA,9946,15300,2254,14919,NA,8380,12338,19364,2027,14435,15546,4745,6150,11686,699,7308,3290,9233,6636,3621,12416,NA,8728,7399,13344,9840,16906,38,10076,1552
2233,14769,529,8725,2351,8107,7658,7459,19643,5655,8151,14619,NA,7904,2772,4768,15177,3800,2919,15195,NA,6921,17860,3301,13590,18504,10414,8162,18303,18170,17711,12779,7215,5705,14766
3097,13000,19901,10915,550,6405,3911,10558,356,19420,1376,19577,10487,6983,8847,NA,12457,NA,2314,18869,1192,550,12139,13943,562,14515,11852,43,16738,96,16875,2526,19496,13912,7605,6192,7304,9029,19496,18964,17771,NA,5006,302,6408,3093,4687,1160,19083,15913,16691,2966,5746,19025,1391,14124,5283,NA,9510,13655,9282,4562,19468,15414,18166,1326,NA,10375,2386,3767,7725,2323,3426,11170,15829
19182,5872,668,4106,5804,16075,12946,12384,6087,4904,893,17017,2178,9627,10172,8091,13831,12735,18117,NA,18575,13377,4125,2259,795,8970,4516,3870,5504,12468,4791,14366,11226,4528,19681,14902,12844,6270,4766,15751,7589,1733,18992,17813,15654,4980,14738,16679,7408,3118,9069,10365,10906,3442,11764,16762,NA,10060,19035,18023,19192,13318,18595,10648,1972
15231,4254,15070,5683,15601,4287,5191,10380,8928,15980,17755,2034,911,NA,17267,19208,15156,15573,17121,7894,18281,NA,2611,5065,10355,13365,5104,16515,9559,7314,NA,1108,3321,18743,14987,6958,14799,NA,6534,6315,5375,15407,17714,NA,9432,18614,9063,8122,14855,11765,17059,17449,14740
9319,6280,15685,15498,11763,12548,8806,115,19861,14483,2371,19216,NA,3507,15023,19501,16255,10445,19362,8865,13430,16662,3471,4207,7377,19780,4502,19444,16741,14358,994,6363,5009,3370,16912,13518,13666,6489,19890,11245,3577,1556,3696,NA,1529,4838,5328,18061,5390,13281,6372,6147,6989,2386,4230,11020
17778,3442,14124,19488,16549,17517,3761,6305,10661,3168,6555,5310,19085,14111,17388,NA,3792,12954,7627,12366,19241,11674,16130,4613,6118,15057,2761,5303,438,13116,19253,12011,18930,16617,272,17804,12449,250,7301,8353,3266,7864,11826,2268,11018,NA,15118,12935,17071,19469,862,18631,5139,10905,17613,16853,265,402,2559,841,3757
19377,9456,1477,3804,5675,19928,17681,3338,15643,9715,19848,NA,13507,18935,1603,15804,12098,4113,1665,7413,2356,8228,1333,11191,11663,10121,16837,18813,14177
10991,15958,14054,9908,13130,9423,9363,13976,7958,14465,9237,8373,13564,4551,9282,2996,7106,6301,18897,8027,19228
14011,3077,18307,11084,7244,17133,13731,5542,4278,6824,14420,16106,3769,15844,7161,8590,15814,8684,1759,2243,13394,325,19596,13633,14976,11982,18127,13315,6180,8644,4592,NA,15837,1155,15517,7723,3288,6376,18862,2250,8956,1838,2912
1184,18899,7156,14919,14619,6669,2679,16088,16226,1147,6956,11901,18732,12633,6526,19048,8360,NA,15802,14520,9555,1012,10337,3734
1407,19913,9813,18323,3236,16803,2727,14952,7785,9818,4363,6320,13876,8674,12176,3202,7928,19709,11095,7969,19170,15929,154,3664,15426,16948,11141,13507,9517
1093,18627,3003,1607,5092,9252,6637,6201,15243,12833,17620,11940,627,14864,9879,5516,13730,10288,10794,3312,NA,13415,10305,NA,11052,17390,NA,12717,8358,8892,15054,16842,18400,11365,1052,15590,7471,12647,17741,17950,NA,7638,1672,NA,14864,3051,5368,NA,676,8969,13468,17889,13036,19758,9427,9063,10986,16730,7199,6316,16387,2430,12384,16277
16950,12826,3110,10929,8453,2261,4295,5437,636,9592,8756,7843,18047,11672,17363,15054,6795,14913,4925,4022,6066,10312,18535,6716,NA,265,809,4739,971,14697,4151,624,9100,2816,18791,2994,NA,11216,5504,6196,10540,12046,1819,7648,NA,2600,16756,15855,16346,14686,7052,8980,NA,8972,6234,19447,8193,14981,7395,2955,8103,15178,16560,19304,13380,9193,10350,11900,12883,13266,5146
2110,11433,18332,3257,6734,15047,15138,16786,4659,15838,941,10732,482,3802,17188,16564,19693,NA,8187,10292,19910,16888,16621,4390
2614,11556,743,19167,1601,13920,17765,10175,18431,17538,16216,13857,14413,5428,3845,7702,11064,NA,11599,NA,3235,2332,NA,4601,19265,16840,1006,10501,519,6098,11082,14410,13795,13382,4684,19929,6076,12030,2750,9746,11201,779,4044,NA,12363,5986,14081,18165,17405,17189,3924,NA,7403,NA,18324,5896,NA,12927,19856,16785,2108,16414,5583,447,7408,11337,12704,3667,6625,18956,3565,5694,10421
2625,2660,18792,19887,11239,16659,19168,18352,11914,7745,15640,14996,3422,17892,7159,18993,9824,6658,14783,NA,8032,18540,NA,4952,10670,16942,15640,17977,8596,12256,4298,650,14494,11137,4375,16509,17379,11306,5738,16102,11264
9385,8070,4796,4734,15374,4135,18651,4775,1778,222,17887,NA,11367,15213,6339,18621,11200,3749,5322,4526,10560,15990,13001,4343,17869,8278,13840,5645,1674,13777,14239,342,3530,1200,5546,14197,NA,15248,NA,18411,17724,NA,11579,146,13961,19625,790,8720,986,13161,1098,7735
19261,10309,788,19452,12922,16775,7440,11759,10830,4216,754,6003,14534,10154,5054,2729,166,8625,3476,NA,19446,5719,16551,4548,NA,16383,12026,8583,17266,12919,15987,17482,NA,13874,2781,NA,3560,16825,9835,19089,15259,11056,19288,18989,13979,5580,12048,13199,4334,4076,5014,4568,16333,760,10259,13301,3023,1954,7569,2884,16440,1585,15515,16997,12783,6937,5788,15691,7351,15011,19874,10832,8983,4322,14478
2754,11800,12695,11813,5328,69,12463,9610,8430,7119,15046,NA,2311,7382,7673,5711,19551,8796,5682,7925,13741,13539,2141,6646,5792,12782,1689,1841,19887,17139,15598,18215,3961,9442,10506
4694,9082,6537,9319,4294,19876,9534,7248,18488,11479,13332,9163,12277,NA,7055,NA,16392,12344,NA,7037,4701,9848,15412,4631,6744,15465,NA,6553,14449,8180,16749,10233,12658,1855,NA,15918,14091,14077,7627,NA,19726,10738,6563,10285,544,12537
12896,10001,1701,3078,6273,18936,19265,8445,15803,19117,13559,6295,7484,2557,14540,7790,14015,46,19608,7636,18201,1173,8106,12480,17046,5713,15680,16527,12635,15613
13527,8783,3523,8559,8312,4265,15157,17613,5570,19454,5476,NA,2844,2437,16462,14674,903,7338,2944,7273,420,13102,6275,4153
895,609,5305,9608,11546,12604,1566,15272,17014,8522,2476,10696,17370,16626,7366,574,3187,14782,17523,4462,7818,5278,8391,10127,15422,14245
10670,11174,15157,15871,10239,11226,7943,19791,18100,12471,14838,5488,9335,NA,11782,117,2511,428,158,11476,15193,15717,10068,14209,5946,12373,6199,3180,14234,12973,13280,17333,12706,15553,16717,17795,13551,9234,7850,17738,2988,14639,18728,3836,NA,11143,1941,18466,16450,1698
14706,9310,16815,16046,17195,560,5705,10530,7356,11979,15370,3131,1217,NA,4895,12464,NA,15111,9057,10791,16788,6421,1467,4874
2285,13038,3522,1806,3856,18999,7338,12237,7595,268,2826,16938,6808,13460,2656,NA,6067,13915,8747,6080,10819,2639,NA,15736,11488,13638,5976,5297,9807,11713
15425,4262,16467,14524,7475,6987,2992,14012,17659,14352,12992,306,18023,17338,16749,11090,NA,9315,17582,12639,11451,11931,19107,3514,14906,16260,16294,3250,356,17674,5286,5814,1519,17384,14048,335,2969,15528,3865,4845,15239,3903,1747,9855,4322,7987,4807,5586,4793,5703,11024,18186,9198,15474,8461,16974,19804,9431,89,17166,497,7991
4664,10040,17616,6907,18207,7320,9351,17698,11308,6615,15774,17239,224,17419,12641,2229,19005,19981,NA,7120,118,2999,6330,7807,10299,5867,12715,568,8426,14956,10332,NA,9028,745,8334,15337,806,7640,3872,894,10268,18053,4783,2250,15059,15864,201,6534,15105,15857,11478,10593,17202,18637
388,2722,14112,10161,8643,635,1344,5998,681,3088,8169,15053,862,17860,12810,8999,6412,16788,15740,13337,8446,4652,1684,4714,13984,16044,12916
16140,18161,2875,6678,15492,9954,18872,14555,5123,10231,18194,5244,5190,6149,18185,14618,14196,6838,11611,2085,11332,8440,4634,16057,17906,6520
6537,10826,8369,18677,12245,14901,2623,12643,15348,12228,6486,5523,11453,NA,18655,16392,8240,NA,4651,NA,14195,5403,4788,9028,12702,5632,2892,15348,9739,8977,NA,5,5097,372,16592,NA,5862,NA,14886,2280,9729,3171,2198,18566
7556,16144,19130,4421,7577,17445,1035,9733,9182,5716,1632,10574,2023,8595,7487,11936,7187,NA,10551,16229,10941,11372,7331,2198,2650,8221,10339,15583,NA,10487,11183,12460,8393,964,13567,6514,15982,19832,16753,17947,7263,776,1990,3593,346,NA,10766,17422,14632,184,NA,8078,NA,518,18515,151,7239,3037,6269,16070,8434,15446,16286,331,19996
4884,19926,9628,9132,13189,10657,10024,17426,2655,5524,15016,146,9729,16800,7378,7585,8522,3972,17728,14568,NA,5376,17146,14840,6358,8885,11736,2369,15481,14479,3541,1816,4701,10152,14728,3628,10473,11994,8485,18073,14566,NA,18543,18891,8409,1887,570,4637,5383,14361,NA,19243,1421,1159,12685,19543,199
12422,16587,4678,10203,7320,14528,16200,13092,17362,16592,13453,12046,3601,527,10634,8339,4525,2616,12510,4402,3899,17210,16868,2530,16300,3781,9915,18032,3121,NA,9740,14677,5965,2860,6774,13445,3892,NA,2986,NA,19352,15471,16166,19467,5075,11948,10580,891,13566,10222,12988,19391,5207,3991,NA,9221,16978,4248,3749,9567,5629,18540,8164,NA,10962,6293,7911,4578,14260,12759,2617,15737,15788,9274,15156,5562,14779,1589,8172
19976,11591,18911,13018,2164,15254,14404,7406,19160,10629,16238,13054,NA,5157,13432,3777,19680,2757,10821,14618,4420,14598,11807,9555,7102,14639,2852,14226,18145,3404,4617,1993,15096,18249
4509,11133,12282,9363,6661,15779,10066,10022,5361,11643,7134,15175,9994,NA,2027,16428,5653,13066,16531,5636,10238,949,9557,7408,15839,6215,11743,NA,18268,NA,6259,7551,13462,8268,1595,6885,19114
2547,8827,4456,14498,3569,1127,6170,13387,4123,3823,731,3064,9671,17431,7045,5743,16801,7356,3396,16659,10271,8582,6545,3515,3380,16991,19266,14686,19876,10892,5452,1455,10964,8163,19790,13401,10336,12390,591,13285,NA,14316,7168,853,10986,582,3601,15188,7954,1506,1551,2397,15942,3192,354,14111,1993,NA,9723,5094,172,18868,5583,NA,9048,14688,1956,18112,19397,4326,9163,17496,854,4099,6878,14802,10633,552,14700
19430,58,13117,17647,12702,295,13561,7664,8939,538,19246,16662,16724,468,133,1063,13041,521,16579,15890,6068,8587,12666,2680
8962,18364,16329,16078,19645,16366,2033,8543,11098,1708,15103,9281,14386,11341,5870,7673,2130,4925,6150,15160,16694,17786,13160,NA,6121,2590,13462,14788,12002,2913,1283,14959,10733,NA,1451,3689,NA,19143,15456,9683,5308,7254
8856,5252,9904,5276,14844,19099,4969,14986,1784,2968,17318,1295,9699,13694,12903,2077,8229,5062,17061,3847,4133,5144,574,19375,17344,3215,3379,19875,NA,4809,11653,3362,7405,1348,3220,NA,16831,7661,852,12074,17292,8529,8669,14788,15445,18556,12982,6284,14751,16326,10871,18644,18942,10774,5900,10087,5604
16133,6406,18186,2145,14297,14941,7323,7098,11435,18288,6801,17956,5169,16982,11576,8061,7917,10625,NA,1733,13191,NA,1726,2716,14223,19166,NA,10109,8800,NA,16144,10797,2041,6036,8805,7225,11336,17636,6830,13561
5653,2101,5506,17655,1325,5347,10881,5612,8119,7907,12816,1322,1843,8159,15788,3487,NA,10233,7026,NA,18299,NA,6743,4069,11641,7745,6914,7715,341,2849,18416,3223,14968,1174,10070
12867,2619,6821,14653,13920,14190,16060,13399,6322,15620,3792,6053,NA,7955,6974,NA,8675,12994,16908,18029,14590,9767,14367,13263
19028,6212,15290,17298,9514,334,7879,1676,16097,1999,13441,177,12483,2143,9328,11146,17130,6720,4386,180,12477,9097,7934,9532,6388,17414,NA,4038,13366,14665,15619,16281,11660,19784,10948,16027,10042,7964,3111,17495,14902,5529,NA,8092,1403,15456,380,NA,1012,14774,NA,1939,11597,NA,19397,14633,7872,NA,1469,9236,7957,11995,15561,8010,10772,13319,2974,15011,13169,950,10014,12540,10050
2473,8420,12838,18813,11833,3571,4272,9908,12495,7270,4702,11623,483,14530,15121,12866,14393,18613,NA,19465,17155,8601,18400,7773,11114,13049,11150,14638,17396,19696,13039,15026,15777,18476,17796,296,17279,13876,4658,17402,19018,19206,13287,3348,15017,14220,9363,8685,2217,165
10720,14999,15247,11739,19323,17179,1133,10387,5222,4054,15363,6453,8750,19064,NA,18258,16665,16527,3693,NA,6909,6403,13819,13385,10526,11786,13929,12115,NA,8264,1762,NA,10947,14560,7024,13098,11332,52,15570,12948,3696,12590
14324,12254,19520,1491,8493,2622,4984,1248,10409,4182,1791,12655,19787,7207,6093,589,12702,7486,10567,NA,10844,1248,6504,17837,1373,14106,18177,8287,9877,5577,13360,17514,4980,14418,10859,1087,5923,18101,4813,9416,18957,19676,828,15279,3566,6750,13847,1946,3605,17432,1161,19143,19024,7479,5296,NA,8389,13375,11793,NA,11863,17758,1682,19360,17398,3128,17970,11784,9159,11577,3178,7135
16642,19681,6332,17587,2855,8106,2101,7934,8262,3839,7521,16311,11146,13263,NA,18374,7798,NA,19075,10090,3158,2155,4111,6898,6727,15030,952,6616,676,11979,NA,34,16847,12766,3793,10992,12847,204,6483,19087,NA,7371,14371,2659,14742,12658,4424,2307,9610,9585,4635,12515,15257,19677,14446,219,7333,11955,12651,4398,16102,16080,1892,17739,11303,18234
1458,19237,15173,18779,8639,3766,5068,14665,1057,19264,12022,16345,17548,11627,17665,16041,10857,10477,9572,1043
2950,18147,16647,15625,19308,14569,10326,8300,9817,6423,6436,NA,4628,17092,NA,18665,NA,18736,6853,10212,3089,2859,12720,9820,13688,15671,7696,16369,NA,10098,17165,NA,16229,1812,18174,15575,10765,3763,10893,3439,4624,16076,16906,11189,19902,NA,346,12748,7978,3007,1526,13176,10964,5630,8665,17804,1897,11955,7659,14089,NA,8570,11239,17789,111,6594,16869,10971,8924,6945,6168,17419,17867,9900,5674,18775,1725,14396,3868
3838,13910,5123,17672,11576,2046,18671,15546,10109,13146,14896,NA,10097,5955,8690,18064,3060,744,8511,11347,11839,6666,12976,17988,19499,1973,10404,711,15051,6287,7941,9553,5268,2316,16375,18903,17762,6692,1368,19493,12437,5425,18255,4889,8934,1511,18120,329,13226,12906,7784,6399,10712,10094,17473
8395,6700,19178,15393,5335,8366,18735,6804,17033,6168,1525,19954,14791,3485,4967,682,14423,NA,17155,1386,391,4583,5775
19283,4914,14367,3015,1555,15219,2514,16063,12868,7741,18091,12198,16138,4465,12079,19388,16363,17603,1874,19242,2328,17531,2176,6522,17920,12585,16636,12470,5522,19332,18383,14930,11571,4442,5380,15988,2979,4713,9815,423,5132,1291,12190,17869,7366,14480,9061,9314,9163,NA,16540,16861,16682,NA,11176,NA,12409,7961,14814,3349,4795,13691,NA,18053,3973,15395,15858,14350,3522,2089
10232,13153,9309,13674,16980,2970,16939,16432,1149,10515,13578,10445,8026,96,11641,2099,17392,NA,11345,16075,13294,3594,7148,16004,5687,NA,2057,14590,3488,17983,15683,4628,8202,12154,1667,NA,12503,14937,16933,12061,NA,5479,15471,15782,NA,378,6184,11418,8330,8654,15302,9944,17617,531,7835,4982,17340,5732,14498,7914
5443,10414,6122,11094,5775,5144,15704,6581,3700,7157,7812,777,14246,17689,1511,12736,10451,10684,309,5040,1533,NA,9487,7979,17249,18243,4436,4373,2229,17794,3105,748,14682,4246,12990,11733,12043,6655,16908,4249,5332,17784,NA,6024,12920,7977,3604,14764
14727,7059,9128,12737,14859,7217,6603,14042,16649,15822,17424,10576,12846,3323,11663,NA,16876,2736,19516,19754,9073,6617,7369,8879,18096,7613,15000,9832,15075,914,12982,12303,9624,13468,12303,15077,3289,16851,7492
5194,13583,6026,12815,15249,14942,18485,4799,9288,8770,1018,3721,2398,9424,19090,12441,NA,2821,NA,5920,18953,13074,1211,14072,1508,79,NA,16977,1427,15480,NA,4059,5736,7475,14856,16127,19698
2570,14672,12901,12882,13165,14341,6816,18828,11532,1544,12284,18495,1470,17610,10041,9151,3547,5849,5875,13121,8314,18493,19881,11311,9304,11421,8495,16355,2556,5637,18847,NA,15732,14791,11482,18358,4369,567,11209,15652,4391,5761,12396,7458,18932,5063,3482,9137,10698,7152,725,10880,14865,10845
17981,11616,4346,10747,6301,6182,11139,14947,12265,6955,8493,13203,NA,15376,3986,19826,14383,NA,1220,16588,11568,14833,16689,17918,5014,16445,15244,NA,3401,572,NA,14356,18057,18328,16972,9482,15248,5777,3451,12821,4881,2215,16370,917,11191,4567,19311,7505,11932,NA,15724,8984,12703,16070,1293,5277
7869,18625,4519,19479,3111,15133,2911,2403,12497,14151,1967,6343,14677,4461,6456,1043,3412,17662,18508,6000,14876,7935,18444,666,16894,2380,9290,3184,5461,4986,13955,18407,7002,14527,15396,NA,4863,14211,18628,2627,14055,12265,19029,12605,9001,5157,19884,4377
11920,123,6004,2394,799,15110,3174,2918,18324,11260,16781,2909,6136,15652,18345,7169,6006,13433,8231,NA,12714,9833,4776,5733,260,1585,7757,7214,15647,16758,4918,7585,2715,16685,6275,NA,2775,19206,18090,2968,978,14,811,1791,19011,17923,12706,17089,2147,19665,5843,10403,11125,3760,14987,11569,11756
892,4664,9459,13488,16066,2316,18407,7233,1906,2711,1843,7251,15650,18377,290,17049,NA,1723,8055,10677,10227,5193,11445,NA,6807,18227,782,9705,5180,9865,14833,13908,1493,7786,1057,14345,851,9089,10933,335,1548,19699
1842,10746,11389,10950,18220,12540,6244,8802,547,1919,2038,6064,2151,11732,9580,9439,10555,9674,4134,7009,15264,4555,12522,10164
6239,19866,18980,12011,17695,519,780,10941,7152,1840,14039,NA,3607,16586,14131,9434,1063,9751,8139,7094,2339,2682,NA,11090,14517,10593,12649,13412,5702,11554,NA,2594,9551,5716,19760,532,4930,2648,7961,10394,19466,11325,1459,4852,13513,19720,10911,19151,4750,NA,9931,6724,9617,35,NA,5603,13721,3684,1973,456,957,6137,3162,11355,14464,5372,14651
3536,11891,4493,19454,1444,15972,18286,15393,11473,14436,2788,3000,17659,11851,10546,4279,6384,19821,12844,NA,12778,5212,13742,8689,6928,13803,10284,263,19412,15048,8760,11041,4267,6706
14402,1394,6007,17436,18529,18293,10262,1464,6431,14096,8614,1783,15980,9317,8235,14380,14248,2745,12166,2302,18946,14437,10821,16002,9952,16623,9375,7013,5053,11080,4030,7826,13737,6766,7610,2044,NA,6560,2489,592,11864,NA,2577,NA,14501,10408,9761,12589,16749,7544,11176,65,11518,7480,1759,16221,5902,17803,NA,12702,NA,12890,16463,15070,13223,1216
9294,13384,4824,18409,6680,18957,17394,17027,10812,18408,18559,11473,1584,9567,15673,4669,15330,242,12422,16685,2558,NA,2101,19058,4611,3333,13092,694,5481,7607,12457,3044,2760,15739,14622,7000,19531,14299,12836,19923,NA,1729,2066,NA,4435,5835,8833,4606,18238,2401,14998,17566,15071,5626,19530,19249,NA,11108,11538,4374,NA,695,9030,7617,14817,14811,5607
6637,3286,797,16423,11969,8947,18959,8991,7404,1161,8118,17504,17010,446,7978,NA,325,14481,2571,12577,13613,3796,993,3509,10472,10245,16365,8817,11511,8093,14741,11434,4052,11164,NA,3358,10596,5891,15447,17471,13484,NA,14696,11240,17265,9079,2957,-1,9317,12361
7167,4054,13314,2497,14517,7487,16609,1110,18297,9841,3739,NA,13202,12084,19237,18864,14215,NA,14701,2621,15747,16468,NA,14296,16830,2225,13817,11442,12205,13534,NA,19945,16424,17369,19115,NA,846,1696,5849,1771,9736,1476,3573,14508,14940,17629,3142,9761,10147,4216,14588,14655,7360,273,19035,3638,13242,NA,5730,12108,NA,12871,16458,16757,8658,12856,10231,NA,15505,9996,5454,NA,9499,16447,7425,12972,19526,12910
4263,9712,5173,1329,18261,4244,12523,2435,8098,14422,6748,18561,4437,9011,13756,10393,7097,6403,705,15702,11205,9149,13588,11573,16749,NA,10406,1426,17210,13526,4791,16029,14779,11250,16335,7586,1139,4689,10575,16087,8892,7941,9251,1721,11095,6766,6585
9347,18077,11547,5106,19767,18339,10114,9901,17289,70,4954,13952,5303,13429,18612,2807,2784,NA,5066,8840,16959,16733,1979,NA,1289,3867,1259,3999,312,406,11061,10574
17250,7412,1209,18865,683,13825,15569,16508,3652,11836,9892,8054,19349,3057,9784,11433,5696,16795,19328,16794,9296,NA,4798,13580,18440,12391,8065,12604,19301,8292,14808,NA,18155,15058,17326,6850,9502,4501,2403,3006,3916,5425,9298,12203,NA,2262,NA,2792,12873,477,13203,3187,6911,1799,12266,17799,10407,4796,5593,14277,3565,8580,7171,17979,4252,12029
6705,27,2146,2813,9716,12097,6401,6855,6109,1472,9311,1720,12876,3985,9375,17182,6709,14741,15066,878,11142,16817,16014,4140,3034,NA,7009,17000,6359,12364,NA,18165,19164,11444,4039,13482,10502,6673,6984,4731,16112,614
10918,15220,5782,14089,1230,18595,8654,615,15553,17391,14582,11925,15447,9690,NA,2951,14115,1043,NA,19541,7398,11710,9962,7857,NA,7789,8613,6554,9393,5947,19842,16293,9340,7683,NA,18911,NA,7667,90,12473,NA,12568,18944,13356,19855,8246,19110,8830,4241,11893,16658,664,15735,12250,350,2113,1488,16892,10504,4866,10773,18429,9041,18481,11403,NA,8889,7147,NA,4983,14531,16755,NA,10308,484,17960,13324,12029
9142,10394,6593,3138,14024,14412,13608,10276,7800,6339,6919,12401,16506,17650,8784,16603,16906,19173,7355,19813,2780,11776,18104,3532,2764,9545,12022,NA,18525,18181,12820,439,11770
5339,18094,2633,18171,832,9566,18743,13427,17137,13429,6430,8902,19886,5041,714,4394,4551,6464,8611,18920,18766,11641,3621,19194,11360
12308,16556,9032,3957,16171,7736,3070,8065,16369,9834,16919,10468,NA,1397,3567,11014,5691,NA,12163,4568,18428,NA,19954,10736,4670,NA,7810,NA,16758,11247,15614,NA,9384,19024,10696,7765,5737,8002,17586,8863,13372,5059
14718,1526,9434,10618,5809,13256,12424,12415,674,18015,4300,5937,5963,11597,2128,12966,4110,19781,NA,5236,12069,6624,18282,12688,1078,14122,14433,11746,3868,6077,9954,12933,13246,10120,4494,NA,16083,5121,16131,13698,1151,17823,17969,4706,14890,18976,19071,1815,444,359,16340
15785,14941,2309,453,3287,5595,1909,12615,5159,13582,11345,4492,14633,9984,9442,8168,12463,NA,19699,14826,4574,1233,4797,8491,18370,11161,17974,5392,18812,827,18591,5016,5615,6393,6592,7947,4654,14465,18807,NA,9677,14813,19491,17861,NA,3448,9953,NA,14718,NA,479,16220,434,2662,13901,13456,4875,16885,102,16156,14469,NA,14389,8852,13150,2553,19615,19445,860,8490,14361,6242,6795,6377,10577
14006,17940,11605,2767,10985,11293,12627,13570,6160,4584,17501,NA,6325,13370,3975,8613,1066,7776,15375,15911,NA,12895,15414,1948,16406,5920,15342,13618,NA,11984,13796,11651,19431,14035,10596,16127,16598,2603,6893,5719,10227,1303,19066,12132,NA,2652,18133,4350,12668,2351,12710,NA,13439,17945,2065,1709,13946,7068,4887
