3605134.8
-42163421.35
-12626224.1
60447299.0
-7527461.74
-14283377.06
15103115.86
-17269167.4
-4704446.86
15312054.9
-59138144.74
-5311488.63
8904189.33
955202.6
27185282.21
43430362.7
-36732726.54
-36312868.65
11220001.85
-19920998.09
48905599.15
5656423.07
-11172243.3
20844993.44
-29966744.84
14799625.8
-9256877.32
15438429.95
23135946.97
-24947103.93
-20970136.19
18864188.82
2013323.91
-910575.02
25284196.93
-7754297.02
29840246.2
11609081.36
-22606769.74
-14603690.8
-41081479.03
-18863897.8
21180831.1
-52399290.56
-51805441.82
-17470059.39
-91933732.76
-39338743.86
-13872680.87
4273904.42
72791004.57
38443394.35
-21339240.35
56508155.47
-15441683.88
-9290112.91
121772.21
-30493302.77
